
22 
22 
22 2 
2 33 

33 3 
3 44 
101 100 
103 101 
101 104 
44 4 
4 55 
101 102 
55 888 
888 99 
99 98 
98 97 
97 96 
96 95 
97 11 
11 12 
12 13 
13 14 
14 15 
15 16 
777 105 
13 777 
106 107 
105 106 










































































































































































































































































































































































































































































































































































































































































































































































































































































































































































































